image_00000 135 108 143 118
image_00001 134 106 144 118
image_00002 134 107 143 119
image_00003 135 106 144 119
image_00004 134 104 144 119
image_00005 133 105 144 120
image_00006 134 105 145 120
image_00007 133 105 146 120
image_00008 134 105 145 120
image_00009 132 104 145 120
image_00010 132 103 145 120
image_00011 133 103 145 121
image_00012 131 103 145 121
image_00013 131 103 146 121
image_00014 131 103 146 121
image_00015 133 103 146 121
image_00016 130 100 147 121
image_00017 131 101 150 121
image_00018 131 99 151 122
image_00019 131 99 154 121
image_00020 130 99 154 121
image_00021 130 99 154 122
image_00022 130 99 154 122
image_00023 129 100 155 121
image_00024 129 98 153 121
image_00025 129 99 156 122
image_00026 129 99 156 122
image_00027 128 100 155 121
image_00028 128 98 154 122
image_00029 141 99 157 124
image_00030 141 98 156 124
image_00031 142 98 156 122
image_00032 141 97 157 125
image_00033 142 97 157 124
image_00034 142 98 157 124
image_00035 141 97 156 125
image_00036 142 98 156 123
image_00037 142 99 157 123
image_00038 142 98 156 124
image_00039 141 97 156 124
image_00040 143 97 157 123
image_00041 143 97 156 123
image_00042 144 97 157 123
image_00043 144 96 159 111
image_00044 145 96 160 111
image_00045 145 97 160 110
image_00046 146 95 159 109
image_00047 146 95 161 108
image_00048 147 97 162 108
image_00049 150 97 159 106
image_00050 150 97 159 105
image_00051 151 98 159 105
image_00052 151 98 159 105
image_00053 151 98 158 105
image_00054 152 97 157 104
image_00055 152 97 157 105
image_00056 152 97 157 104
image_00057 153 98 157 103
image_00058 153 98 157 102
image_00059 153 98 157 103
image_00060 152 99 157 102
image_00061 152 98 157 102
image_00062 153 98 156 101
image_00063 153 99 156 102
